-173.00 -126.00 -69.00 -66.00 10.00 -61.00 90.00 -61.00 457.00 98.00 -4.00 -6.00 -36.00 -82.00 -10.00 56.00 -5.00 -25.00 22.00 -8.00 0.00 0.00 0.00 0.00 0.00 0.00 0.00 0.00 0.00 0.00 0.00 0.00 0.00 0.00 0.00 0.00 0.00 0.00 0.00 0.00 
-173.00 -126.00 -69.00 -66.00 10.00 -61.00 90.00 -61.00 457.00 98.00 -4.00 -6.00 -36.00 -82.00 -10.00 56.00 -5.00 -25.00 22.00 -8.00 0.00 0.00 0.00 0.00 0.00 0.00 0.00 0.00 0.00 0.00 0.00 0.00 0.00 0.00 0.00 0.00 0.00 0.00 0.00 0.00 
-173.00 -126.00 -69.00 -66.00 10.00 -61.00 90.00 -61.00 457.00 98.00 -4.00 -6.00 -36.00 -82.00 -10.00 56.00 -5.00 -25.00 22.00 -8.00 0.00 0.00 0.00 0.00 0.00 0.00 0.00 0.00 0.00 0.00 0.00 0.00 0.00 0.00 0.00 0.00 0.00 0.00 0.00 0.00 
-173.00 -126.00 -69.00 -66.00 10.00 -61.00 90.00 -61.00 457.00 98.00 -4.00 -6.00 -36.00 -82.00 -10.00 56.00 -5.00 -25.00 22.00 -8.00 0.00 0.00 0.00 0.00 0.00 0.00 0.00 0.00 0.00 0.00 0.00 0.00 0.00 0.00 0.00 0.00 0.00 0.00 0.00 0.00 
-173.00 -126.00 -69.00 -66.00 10.00 -61.00 90.00 -61.00 457.00 98.00 -4.00 -6.00 -36.00 -82.00 -10.00 56.00 -5.00 -25.00 22.00 -8.00 0.00 0.00 0.00 0.00 0.00 0.00 0.00 0.00 0.00 0.00 0.00 0.00 0.00 0.00 0.00 0.00 0.00 0.00 0.00 0.00 
-173.00 -126.00 -69.00 -66.00 10.00 -61.00 90.00 -61.00 457.00 98.00 -4.00 -6.00 -36.00 -82.00 -10.00 56.00 -5.00 -25.00 22.00 -8.00 0.00 0.00 0.00 0.00 0.00 0.00 0.00 0.00 0.00 0.00 0.00 0.00 0.00 0.00 0.00 0.00 0.00 0.00 0.00 0.00 
-173.00 -126.00 -69.00 -66.00 10.00 -61.00 90.00 -61.00 457.00 98.00 -4.00 -6.00 -36.00 -82.00 -10.00 56.00 -5.00 -25.00 22.00 -8.00 0.00 0.00 0.00 0.00 0.00 0.00 0.00 0.00 0.00 0.00 0.00 0.00 0.00 0.00 0.00 0.00 0.00 0.00 0.00 0.00 
-173.00 -126.00 -69.00 -66.00 10.00 -61.00 90.00 -61.00 457.00 98.00 -4.00 -6.00 -36.00 -82.00 -10.00 56.00 -5.00 -25.00 22.00 -8.00 0.00 0.00 0.00 0.00 0.00 0.00 0.00 0.00 0.00 0.00 0.00 0.00 0.00 0.00 0.00 0.00 0.00 0.00 0.00 0.00 
-173.00 -126.00 -69.00 -66.00 10.00 -61.00 90.00 -61.00 457.00 98.00 -4.00 -6.00 -36.00 -82.00 -10.00 56.00 -5.00 -25.00 22.00 -8.00 0.00 0.00 0.00 0.00 0.00 0.00 0.00 0.00 0.00 0.00 0.00 0.00 0.00 0.00 0.00 0.00 0.00 0.00 0.00 0.00 
-173.00 -126.00 -69.00 -66.00 10.00 -61.00 90.00 -61.00 457.00 98.00 -4.00 -6.00 -36.00 -82.00 -10.00 56.00 -5.00 -25.00 22.00 -8.00 0.00 0.00 0.00 0.00 0.00 0.00 0.00 0.00 0.00 0.00 0.00 0.00 0.00 0.00 0.00 0.00 0.00 0.00 0.00 0.00 
-173.00 -126.00 -69.00 -66.00 10.00 -61.00 90.00 -61.00 457.00 98.00 -4.00 -6.00 -36.00 -82.00 -10.00 56.00 -5.00 -25.00 22.00 -8.00 0.00 0.00 0.00 0.00 0.00 0.00 0.00 0.00 0.00 0.00 0.00 0.00 0.00 0.00 0.00 0.00 0.00 0.00 0.00 0.00 
-173.00 -126.00 -69.00 -66.00 10.00 -61.00 90.00 -61.00 457.00 98.00 -4.00 -6.00 -36.00 -82.00 -10.00 56.00 -5.00 -25.00 22.00 -8.00 0.00 0.00 0.00 0.00 0.00 0.00 0.00 0.00 0.00 0.00 0.00 0.00 0.00 0.00 0.00 0.00 0.00 0.00 0.00 0.00 
-173.00 -126.00 -69.00 -66.00 10.00 -61.00 90.00 -61.00 457.00 98.00 -4.00 -6.00 -36.00 -82.00 -10.00 56.00 -5.00 -25.00 22.00 -8.00 0.00 0.00 0.00 0.00 0.00 0.00 0.00 0.00 0.00 0.00 0.00 0.00 0.00 0.00 0.00 0.00 0.00 0.00 0.00 0.00 
-173.00 -126.00 -69.00 -66.00 10.00 -61.00 90.00 -61.00 457.00 98.00 -4.00 -6.00 -36.00 -82.00 -10.00 56.00 -5.00 -25.00 22.00 -8.00 0.00 0.00 0.00 0.00 0.00 0.00 0.00 0.00 0.00 0.00 0.00 0.00 0.00 0.00 0.00 0.00 0.00 0.00 0.00 0.00 
-173.00 -126.00 -69.00 -66.00 10.00 -61.00 90.00 -61.00 457.00 98.00 -4.00 -6.00 -36.00 -82.00 -10.00 56.00 -5.00 -25.00 22.00 -8.00 0.00 0.00 0.00 0.00 0.00 0.00 0.00 0.00 0.00 0.00 0.00 0.00 0.00 0.00 0.00 0.00 0.00 0.00 0.00 0.00 
-173.00 -126.00 -69.00 -66.00 10.00 -61.00 90.00 -61.00 457.00 98.00 -4.00 -6.00 -36.00 -82.00 -10.00 56.00 -5.00 -25.00 22.00 -8.00 0.00 0.00 0.00 0.00 0.00 0.00 0.00 0.00 0.00 0.00 0.00 0.00 0.00 0.00 0.00 0.00 0.00 0.00 0.00 0.00 
-173.00 -126.00 -69.00 -66.00 10.00 -61.00 90.00 -61.00 457.00 98.00 -4.00 -6.00 -36.00 -82.00 -10.00 56.00 -5.00 -25.00 22.00 -8.00 0.00 0.00 0.00 0.00 0.00 0.00 0.00 0.00 0.00 0.00 0.00 0.00 0.00 0.00 0.00 0.00 0.00 0.00 0.00 0.00 
-173.00 -126.00 -69.00 -66.00 10.00 -61.00 90.00 -61.00 457.00 98.00 -4.00 -6.00 -36.00 -82.00 -10.00 56.00 -5.00 -25.00 22.00 -8.00 0.00 0.00 0.00 0.00 0.00 0.00 0.00 0.00 0.00 0.00 0.00 0.00 0.00 0.00 0.00 0.00 0.00 0.00 0.00 0.00 
-173.00 -126.00 -69.00 -66.00 10.00 -61.00 90.00 -61.00 457.00 98.00 -4.00 -6.00 -36.00 -82.00 -10.00 56.00 -5.00 -25.00 22.00 -8.00 0.00 0.00 0.00 0.00 0.00 0.00 0.00 0.00 0.00 0.00 0.00 0.00 0.00 0.00 0.00 0.00 0.00 0.00 0.00 0.00 
-173.00 -126.00 -69.00 -66.00 10.00 -61.00 90.00 -61.00 457.00 98.00 -4.00 -6.00 -36.00 -82.00 -10.00 56.00 -5.00 -25.00 22.00 -8.00 0.00 0.00 0.00 0.00 0.00 0.00 0.00 0.00 0.00 0.00 0.00 0.00 0.00 0.00 0.00 0.00 0.00 0.00 0.00 0.00 
-173.00 -126.00 -69.00 -66.00 10.00 -61.00 90.00 -61.00 457.00 98.00 -4.00 -6.00 -36.00 -82.00 -10.00 56.00 -5.00 -25.00 22.00 -8.00 0.00 0.00 0.00 0.00 0.00 0.00 0.00 0.00 0.00 0.00 0.00 0.00 0.00 0.00 0.00 0.00 0.00 0.00 0.00 0.00 
-173.00 -126.00 -69.00 -66.00 10.00 -61.00 90.00 -61.00 457.00 98.00 -4.00 -6.00 -36.00 -82.00 -10.00 56.00 -5.00 -25.00 22.00 -8.00 0.00 0.00 0.00 0.00 0.00 0.00 0.00 0.00 0.00 0.00 0.00 0.00 0.00 0.00 0.00 0.00 0.00 0.00 0.00 0.00 
-173.00 -126.00 -69.00 -66.00 10.00 -61.00 90.00 -61.00 457.00 98.00 -4.00 -6.00 -36.00 -82.00 -10.00 56.00 -5.00 -25.00 22.00 -8.00 0.00 0.00 0.00 0.00 0.00 0.00 0.00 0.00 0.00 0.00 0.00 0.00 0.00 0.00 0.00 0.00 0.00 0.00 0.00 0.00 
-173.00 -126.00 -69.00 -66.00 10.00 -61.00 90.00 -61.00 457.00 98.00 -4.00 -6.00 -36.00 -82.00 -10.00 56.00 -5.00 -25.00 22.00 -8.00 0.00 0.00 0.00 0.00 0.00 0.00 0.00 0.00 0.00 0.00 0.00 0.00 0.00 0.00 0.00 0.00 0.00 0.00 0.00 0.00 
-173.00 -126.00 -69.00 -66.00 10.00 -61.00 90.00 -61.00 457.00 98.00 -4.00 -6.00 -36.00 -82.00 -10.00 56.00 -5.00 -25.00 22.00 -8.00 0.00 0.00 0.00 0.00 0.00 0.00 0.00 0.00 0.00 0.00 0.00 0.00 0.00 0.00 0.00 0.00 0.00 0.00 0.00 0.00 
-173.00 -126.00 -69.00 -66.00 10.00 -61.00 90.00 -61.00 457.00 98.00 -4.00 -6.00 -36.00 -82.00 -10.00 56.00 -5.00 -25.00 22.00 -8.00 0.00 0.00 0.00 0.00 0.00 0.00 0.00 0.00 0.00 0.00 0.00 0.00 0.00 0.00 0.00 0.00 0.00 0.00 0.00 0.00 
-173.00 -126.00 -69.00 -66.00 10.00 -61.00 90.00 -61.00 457.00 98.00 -4.00 -6.00 -36.00 -82.00 -10.00 56.00 -5.00 -25.00 22.00 -8.00 0.00 0.00 0.00 0.00 0.00 0.00 0.00 0.00 0.00 0.00 0.00 0.00 0.00 0.00 0.00 0.00 0.00 0.00 0.00 0.00 
-173.00 -126.00 -69.00 -66.00 10.00 -61.00 90.00 -61.00 457.00 98.00 -4.00 -6.00 -36.00 -82.00 -10.00 56.00 -5.00 -25.00 22.00 -8.00 0.00 0.00 0.00 0.00 0.00 0.00 0.00 0.00 0.00 0.00 0.00 0.00 0.00 0.00 0.00 0.00 0.00 0.00 0.00 0.00 
-173.00 -126.00 -69.00 -66.00 10.00 -61.00 90.00 -61.00 457.00 98.00 -4.00 -6.00 -36.00 -82.00 -10.00 56.00 -5.00 -25.00 22.00 -8.00 0.00 0.00 0.00 0.00 0.00 0.00 0.00 0.00 0.00 0.00 0.00 0.00 0.00 0.00 0.00 0.00 0.00 0.00 0.00 0.00 
-173.00 -126.00 -69.00 -66.00 10.00 -61.00 90.00 -61.00 457.00 98.00 -4.00 -6.00 -36.00 -82.00 -10.00 56.00 -5.00 -25.00 22.00 -8.00 0.00 0.00 0.00 0.00 0.00 0.00 0.00 0.00 0.00 0.00 0.00 0.00 0.00 0.00 0.00 0.00 0.00 0.00 0.00 0.00 
-173.00 -126.00 -69.00 -66.00 10.00 -61.00 90.00 -61.00 457.00 98.00 -4.00 -6.00 -36.00 -82.00 -10.00 56.00 -5.00 -25.00 22.00 -8.00 0.00 0.00 0.00 0.00 0.00 0.00 0.00 0.00 0.00 0.00 0.00 0.00 0.00 0.00 0.00 0.00 0.00 0.00 0.00 0.00 
-173.00 -126.00 -69.00 -66.00 10.00 -61.00 90.00 -61.00 457.00 98.00 -4.00 -6.00 -36.00 -82.00 -10.00 56.00 -5.00 -25.00 22.00 -8.00 0.00 0.00 0.00 0.00 0.00 0.00 0.00 0.00 0.00 0.00 0.00 0.00 0.00 0.00 0.00 0.00 0.00 0.00 0.00 0.00 
-173.00 -126.00 -69.00 -66.00 10.00 -61.00 90.00 -61.00 457.00 98.00 -4.00 -6.00 -36.00 -82.00 -10.00 56.00 -5.00 -25.00 22.00 -8.00 0.00 0.00 0.00 0.00 0.00 0.00 0.00 0.00 0.00 0.00 0.00 0.00 0.00 0.00 0.00 0.00 0.00 0.00 0.00 0.00 
-173.00 -126.00 -69.00 -66.00 10.00 -61.00 90.00 -61.00 457.00 98.00 -4.00 -6.00 -36.00 -82.00 -10.00 56.00 -5.00 -25.00 22.00 -8.00 0.00 0.00 0.00 0.00 0.00 0.00 0.00 0.00 0.00 0.00 0.00 0.00 0.00 0.00 0.00 0.00 0.00 0.00 0.00 0.00 
-173.00 -126.00 -69.00 -66.00 10.00 -61.00 90.00 -61.00 457.00 98.00 -4.00 -6.00 -36.00 -82.00 -10.00 56.00 -5.00 -25.00 22.00 -8.00 0.00 0.00 0.00 0.00 0.00 0.00 0.00 0.00 0.00 0.00 0.00 0.00 0.00 0.00 0.00 0.00 0.00 0.00 0.00 0.00 
-173.00 -126.00 -69.00 -66.00 10.00 -61.00 90.00 -61.00 457.00 98.00 -4.00 -6.00 -36.00 -82.00 -10.00 56.00 -5.00 -25.00 22.00 -8.00 0.00 0.00 0.00 0.00 0.00 0.00 0.00 0.00 0.00 0.00 0.00 0.00 0.00 0.00 0.00 0.00 0.00 0.00 0.00 0.00 
-173.00 -126.00 -69.00 -66.00 10.00 -61.00 90.00 -61.00 457.00 98.00 -4.00 -6.00 -36.00 -82.00 -10.00 56.00 -5.00 -25.00 22.00 -8.00 0.00 0.00 0.00 0.00 0.00 0.00 0.00 0.00 0.00 0.00 0.00 0.00 0.00 0.00 0.00 0.00 0.00 0.00 0.00 0.00 
-173.00 -126.00 -69.00 -66.00 10.00 -61.00 90.00 -61.00 457.00 98.00 -4.00 -6.00 -36.00 -82.00 -10.00 56.00 -5.00 -25.00 22.00 -8.00 0.00 0.00 0.00 0.00 0.00 0.00 0.00 0.00 0.00 0.00 0.00 0.00 0.00 0.00 0.00 0.00 0.00 0.00 0.00 0.00 
-173.00 -126.00 -69.00 -66.00 10.00 -61.00 90.00 -61.00 457.00 98.00 -4.00 -6.00 -36.00 -82.00 -10.00 56.00 -5.00 -25.00 22.00 -8.00 0.00 0.00 0.00 0.00 0.00 0.00 0.00 0.00 0.00 0.00 0.00 0.00 0.00 0.00 0.00 0.00 0.00 0.00 0.00 0.00 
-173.00 -126.00 -69.00 -66.00 10.00 -61.00 90.00 -61.00 457.00 98.00 -4.00 -6.00 -36.00 -82.00 -10.00 56.00 -5.00 -25.00 22.00 -8.00 0.00 0.00 0.00 0.00 0.00 0.00 0.00 0.00 0.00 0.00 0.00 0.00 0.00 0.00 0.00 0.00 0.00 0.00 0.00 0.00 
-173.00 -126.00 -69.00 -66.00 10.00 -61.00 90.00 -61.00 457.00 98.00 -4.00 -6.00 -36.00 -82.00 -10.00 56.00 -5.00 -25.00 22.00 -8.00 0.00 0.00 0.00 0.00 0.00 0.00 0.00 0.00 0.00 0.00 0.00 0.00 0.00 0.00 0.00 0.00 0.00 0.00 0.00 0.00 
-173.00 -126.00 -69.00 -66.00 10.00 -61.00 90.00 -61.00 457.00 98.00 -4.00 -6.00 -36.00 -82.00 -10.00 56.00 -5.00 -25.00 22.00 -8.00 0.00 0.00 0.00 0.00 0.00 0.00 0.00 0.00 0.00 0.00 0.00 0.00 0.00 0.00 0.00 0.00 0.00 0.00 0.00 0.00 
-173.00 -126.00 -69.00 -66.00 10.00 -61.00 90.00 -61.00 457.00 98.00 -4.00 -6.00 -36.00 -82.00 -10.00 56.00 -5.00 -25.00 22.00 -8.00 0.00 0.00 0.00 0.00 0.00 0.00 0.00 0.00 0.00 0.00 0.00 0.00 0.00 0.00 0.00 0.00 0.00 0.00 0.00 0.00 
-173.00 -126.00 -69.00 -66.00 10.00 -61.00 90.00 -61.00 457.00 98.00 -4.00 -6.00 -36.00 -82.00 -10.00 56.00 -5.00 -25.00 22.00 -8.00 0.00 0.00 0.00 0.00 0.00 0.00 0.00 0.00 0.00 0.00 0.00 0.00 0.00 0.00 0.00 0.00 0.00 0.00 0.00 0.00 
-173.00 -126.00 -69.00 -66.00 10.00 -61.00 90.00 -61.00 457.00 98.00 -4.00 -6.00 -36.00 -82.00 -10.00 56.00 -5.00 -25.00 22.00 -8.00 0.00 0.00 0.00 0.00 0.00 0.00 0.00 0.00 0.00 0.00 0.00 0.00 0.00 0.00 0.00 0.00 0.00 0.00 0.00 0.00 
-173.00 -126.00 -69.00 -66.00 10.00 -61.00 90.00 -61.00 457.00 98.00 -4.00 -6.00 -36.00 -82.00 -10.00 56.00 -5.00 -25.00 22.00 -8.00 0.00 0.00 0.00 0.00 0.00 0.00 0.00 0.00 0.00 0.00 0.00 0.00 0.00 0.00 0.00 0.00 0.00 0.00 0.00 0.00 
-173.00 -126.00 -69.00 -66.00 10.00 -61.00 90.00 -61.00 457.00 98.00 -4.00 -6.00 -36.00 -82.00 -10.00 56.00 -5.00 -25.00 22.00 -8.00 0.00 0.00 0.00 0.00 0.00 0.00 0.00 0.00 0.00 0.00 0.00 0.00 0.00 0.00 0.00 0.00 0.00 0.00 0.00 0.00 
-173.00 -126.00 -69.00 -66.00 10.00 -61.00 90.00 -61.00 457.00 98.00 -4.00 -6.00 -36.00 -82.00 -10.00 56.00 -5.00 -25.00 22.00 -8.00 0.00 0.00 0.00 0.00 0.00 0.00 0.00 0.00 0.00 0.00 0.00 0.00 0.00 0.00 0.00 0.00 0.00 0.00 0.00 0.00 
